{
 "cells": [
  {
   "cell_type": "code",
   "execution_count": 1,
   "id": "e517ef1b",
   "metadata": {},
   "outputs": [],
   "source": [
    "# Import library yang dibutuhkan\n",
    "import pandas as pd\n",
    "import numpy as np\n",
    "import scipy.spatial.distance as dist\n",
    "import math"
   ]
  },
  {
   "cell_type": "markdown",
   "id": "5077b8b5",
   "metadata": {},
   "source": [
    "multivariate normal distribution test\n",
    "\n",
    "homogeneity test of covariance matrix\n",
    "\n",
    "mean vector homogeneity test"
   ]
  },
  {
   "cell_type": "markdown",
   "id": "c777c1e3",
   "metadata": {},
   "source": [
    "## Pendeklarasian Data"
   ]
  },
  {
   "cell_type": "code",
   "execution_count": 2,
   "id": "1b8fdb6d",
   "metadata": {},
   "outputs": [],
   "source": [
    "df1 = pd.read_csv(\"D:\\Statistika Multivariat Terapan\\engginer.csv\") # data engginering"
   ]
  },
  {
   "cell_type": "code",
   "execution_count": 3,
   "id": "10b18497",
   "metadata": {},
   "outputs": [],
   "source": [
    "df2 = pd.read_csv(\"D:\\Statistika Multivariat Terapan\\Pilot.csv\") # data pilot"
   ]
  },
  {
   "cell_type": "code",
   "execution_count": 4,
   "id": "8da6bc3c",
   "metadata": {},
   "outputs": [
    {
     "data": {
      "text/html": [
       "<div>\n",
       "<style scoped>\n",
       "    .dataframe tbody tr th:only-of-type {\n",
       "        vertical-align: middle;\n",
       "    }\n",
       "\n",
       "    .dataframe tbody tr th {\n",
       "        vertical-align: top;\n",
       "    }\n",
       "\n",
       "    .dataframe thead th {\n",
       "        text-align: right;\n",
       "    }\n",
       "</style>\n",
       "<table border=\"1\" class=\"dataframe\">\n",
       "  <thead>\n",
       "    <tr style=\"text-align: right;\">\n",
       "      <th></th>\n",
       "      <th>x1</th>\n",
       "      <th>x2</th>\n",
       "      <th>x3</th>\n",
       "      <th>x4</th>\n",
       "      <th>x5</th>\n",
       "      <th>x6</th>\n",
       "    </tr>\n",
       "  </thead>\n",
       "  <tbody>\n",
       "    <tr>\n",
       "      <th>0</th>\n",
       "      <td>121</td>\n",
       "      <td>22</td>\n",
       "      <td>74</td>\n",
       "      <td>223</td>\n",
       "      <td>54</td>\n",
       "      <td>254</td>\n",
       "    </tr>\n",
       "    <tr>\n",
       "      <th>1</th>\n",
       "      <td>108</td>\n",
       "      <td>30</td>\n",
       "      <td>80</td>\n",
       "      <td>175</td>\n",
       "      <td>40</td>\n",
       "      <td>300</td>\n",
       "    </tr>\n",
       "    <tr>\n",
       "      <th>2</th>\n",
       "      <td>122</td>\n",
       "      <td>49</td>\n",
       "      <td>87</td>\n",
       "      <td>266</td>\n",
       "      <td>41</td>\n",
       "      <td>223</td>\n",
       "    </tr>\n",
       "    <tr>\n",
       "      <th>3</th>\n",
       "      <td>77</td>\n",
       "      <td>37</td>\n",
       "      <td>66</td>\n",
       "      <td>178</td>\n",
       "      <td>80</td>\n",
       "      <td>209</td>\n",
       "    </tr>\n",
       "    <tr>\n",
       "      <th>4</th>\n",
       "      <td>140</td>\n",
       "      <td>35</td>\n",
       "      <td>71</td>\n",
       "      <td>175</td>\n",
       "      <td>38</td>\n",
       "      <td>261</td>\n",
       "    </tr>\n",
       "    <tr>\n",
       "      <th>5</th>\n",
       "      <td>108</td>\n",
       "      <td>37</td>\n",
       "      <td>57</td>\n",
       "      <td>241</td>\n",
       "      <td>59</td>\n",
       "      <td>245</td>\n",
       "    </tr>\n",
       "    <tr>\n",
       "      <th>6</th>\n",
       "      <td>124</td>\n",
       "      <td>39</td>\n",
       "      <td>52</td>\n",
       "      <td>194</td>\n",
       "      <td>72</td>\n",
       "      <td>242</td>\n",
       "    </tr>\n",
       "    <tr>\n",
       "      <th>7</th>\n",
       "      <td>130</td>\n",
       "      <td>34</td>\n",
       "      <td>89</td>\n",
       "      <td>200</td>\n",
       "      <td>85</td>\n",
       "      <td>242</td>\n",
       "    </tr>\n",
       "    <tr>\n",
       "      <th>8</th>\n",
       "      <td>149</td>\n",
       "      <td>55</td>\n",
       "      <td>91</td>\n",
       "      <td>198</td>\n",
       "      <td>50</td>\n",
       "      <td>277</td>\n",
       "    </tr>\n",
       "    <tr>\n",
       "      <th>9</th>\n",
       "      <td>129</td>\n",
       "      <td>38</td>\n",
       "      <td>72</td>\n",
       "      <td>162</td>\n",
       "      <td>47</td>\n",
       "      <td>268</td>\n",
       "    </tr>\n",
       "    <tr>\n",
       "      <th>10</th>\n",
       "      <td>154</td>\n",
       "      <td>37</td>\n",
       "      <td>87</td>\n",
       "      <td>170</td>\n",
       "      <td>60</td>\n",
       "      <td>244</td>\n",
       "    </tr>\n",
       "    <tr>\n",
       "      <th>11</th>\n",
       "      <td>145</td>\n",
       "      <td>33</td>\n",
       "      <td>88</td>\n",
       "      <td>208</td>\n",
       "      <td>51</td>\n",
       "      <td>228</td>\n",
       "    </tr>\n",
       "    <tr>\n",
       "      <th>12</th>\n",
       "      <td>112</td>\n",
       "      <td>40</td>\n",
       "      <td>60</td>\n",
       "      <td>232</td>\n",
       "      <td>29</td>\n",
       "      <td>279</td>\n",
       "    </tr>\n",
       "    <tr>\n",
       "      <th>13</th>\n",
       "      <td>120</td>\n",
       "      <td>39</td>\n",
       "      <td>73</td>\n",
       "      <td>159</td>\n",
       "      <td>39</td>\n",
       "      <td>233</td>\n",
       "    </tr>\n",
       "    <tr>\n",
       "      <th>14</th>\n",
       "      <td>118</td>\n",
       "      <td>21</td>\n",
       "      <td>83</td>\n",
       "      <td>152</td>\n",
       "      <td>88</td>\n",
       "      <td>233</td>\n",
       "    </tr>\n",
       "    <tr>\n",
       "      <th>15</th>\n",
       "      <td>141</td>\n",
       "      <td>42</td>\n",
       "      <td>80</td>\n",
       "      <td>195</td>\n",
       "      <td>36</td>\n",
       "      <td>241</td>\n",
       "    </tr>\n",
       "    <tr>\n",
       "      <th>16</th>\n",
       "      <td>135</td>\n",
       "      <td>49</td>\n",
       "      <td>73</td>\n",
       "      <td>152</td>\n",
       "      <td>42</td>\n",
       "      <td>249</td>\n",
       "    </tr>\n",
       "    <tr>\n",
       "      <th>17</th>\n",
       "      <td>151</td>\n",
       "      <td>37</td>\n",
       "      <td>76</td>\n",
       "      <td>223</td>\n",
       "      <td>74</td>\n",
       "      <td>268</td>\n",
       "    </tr>\n",
       "    <tr>\n",
       "      <th>18</th>\n",
       "      <td>97</td>\n",
       "      <td>46</td>\n",
       "      <td>83</td>\n",
       "      <td>164</td>\n",
       "      <td>31</td>\n",
       "      <td>243</td>\n",
       "    </tr>\n",
       "    <tr>\n",
       "      <th>19</th>\n",
       "      <td>109</td>\n",
       "      <td>42</td>\n",
       "      <td>82</td>\n",
       "      <td>188</td>\n",
       "      <td>57</td>\n",
       "      <td>267</td>\n",
       "    </tr>\n",
       "  </tbody>\n",
       "</table>\n",
       "</div>"
      ],
      "text/plain": [
       "     x1  x2  x3   x4  x5   x6\n",
       "0   121  22  74  223  54  254\n",
       "1   108  30  80  175  40  300\n",
       "2   122  49  87  266  41  223\n",
       "3    77  37  66  178  80  209\n",
       "4   140  35  71  175  38  261\n",
       "5   108  37  57  241  59  245\n",
       "6   124  39  52  194  72  242\n",
       "7   130  34  89  200  85  242\n",
       "8   149  55  91  198  50  277\n",
       "9   129  38  72  162  47  268\n",
       "10  154  37  87  170  60  244\n",
       "11  145  33  88  208  51  228\n",
       "12  112  40  60  232  29  279\n",
       "13  120  39  73  159  39  233\n",
       "14  118  21  83  152  88  233\n",
       "15  141  42  80  195  36  241\n",
       "16  135  49  73  152  42  249\n",
       "17  151  37  76  223  74  268\n",
       "18   97  46  83  164  31  243\n",
       "19  109  42  82  188  57  267"
      ]
     },
     "execution_count": 4,
     "metadata": {},
     "output_type": "execute_result"
    }
   ],
   "source": [
    "df1"
   ]
  },
  {
   "cell_type": "code",
   "execution_count": 5,
   "id": "16a7be7b",
   "metadata": {},
   "outputs": [
    {
     "data": {
      "text/html": [
       "<div>\n",
       "<style scoped>\n",
       "    .dataframe tbody tr th:only-of-type {\n",
       "        vertical-align: middle;\n",
       "    }\n",
       "\n",
       "    .dataframe tbody tr th {\n",
       "        vertical-align: top;\n",
       "    }\n",
       "\n",
       "    .dataframe thead th {\n",
       "        text-align: right;\n",
       "    }\n",
       "</style>\n",
       "<table border=\"1\" class=\"dataframe\">\n",
       "  <thead>\n",
       "    <tr style=\"text-align: right;\">\n",
       "      <th></th>\n",
       "      <th>y1</th>\n",
       "      <th>y2</th>\n",
       "      <th>y3</th>\n",
       "      <th>y4</th>\n",
       "      <th>y5</th>\n",
       "      <th>y6</th>\n",
       "    </tr>\n",
       "  </thead>\n",
       "  <tbody>\n",
       "    <tr>\n",
       "      <th>0</th>\n",
       "      <td>132</td>\n",
       "      <td>17</td>\n",
       "      <td>77</td>\n",
       "      <td>232</td>\n",
       "      <td>50</td>\n",
       "      <td>249</td>\n",
       "    </tr>\n",
       "    <tr>\n",
       "      <th>1</th>\n",
       "      <td>123</td>\n",
       "      <td>32</td>\n",
       "      <td>79</td>\n",
       "      <td>192</td>\n",
       "      <td>64</td>\n",
       "      <td>315</td>\n",
       "    </tr>\n",
       "    <tr>\n",
       "      <th>2</th>\n",
       "      <td>129</td>\n",
       "      <td>31</td>\n",
       "      <td>96</td>\n",
       "      <td>250</td>\n",
       "      <td>55</td>\n",
       "      <td>319</td>\n",
       "    </tr>\n",
       "    <tr>\n",
       "      <th>3</th>\n",
       "      <td>131</td>\n",
       "      <td>23</td>\n",
       "      <td>67</td>\n",
       "      <td>291</td>\n",
       "      <td>48</td>\n",
       "      <td>310</td>\n",
       "    </tr>\n",
       "    <tr>\n",
       "      <th>4</th>\n",
       "      <td>110</td>\n",
       "      <td>24</td>\n",
       "      <td>96</td>\n",
       "      <td>239</td>\n",
       "      <td>42</td>\n",
       "      <td>268</td>\n",
       "    </tr>\n",
       "    <tr>\n",
       "      <th>5</th>\n",
       "      <td>47</td>\n",
       "      <td>22</td>\n",
       "      <td>87</td>\n",
       "      <td>231</td>\n",
       "      <td>40</td>\n",
       "      <td>217</td>\n",
       "    </tr>\n",
       "    <tr>\n",
       "      <th>6</th>\n",
       "      <td>125</td>\n",
       "      <td>32</td>\n",
       "      <td>87</td>\n",
       "      <td>227</td>\n",
       "      <td>30</td>\n",
       "      <td>324</td>\n",
       "    </tr>\n",
       "    <tr>\n",
       "      <th>7</th>\n",
       "      <td>129</td>\n",
       "      <td>29</td>\n",
       "      <td>102</td>\n",
       "      <td>234</td>\n",
       "      <td>58</td>\n",
       "      <td>300</td>\n",
       "    </tr>\n",
       "    <tr>\n",
       "      <th>8</th>\n",
       "      <td>130</td>\n",
       "      <td>26</td>\n",
       "      <td>104</td>\n",
       "      <td>256</td>\n",
       "      <td>58</td>\n",
       "      <td>270</td>\n",
       "    </tr>\n",
       "    <tr>\n",
       "      <th>9</th>\n",
       "      <td>147</td>\n",
       "      <td>47</td>\n",
       "      <td>82</td>\n",
       "      <td>240</td>\n",
       "      <td>30</td>\n",
       "      <td>322</td>\n",
       "    </tr>\n",
       "    <tr>\n",
       "      <th>10</th>\n",
       "      <td>159</td>\n",
       "      <td>37</td>\n",
       "      <td>80</td>\n",
       "      <td>227</td>\n",
       "      <td>58</td>\n",
       "      <td>317</td>\n",
       "    </tr>\n",
       "    <tr>\n",
       "      <th>11</th>\n",
       "      <td>135</td>\n",
       "      <td>41</td>\n",
       "      <td>83</td>\n",
       "      <td>216</td>\n",
       "      <td>39</td>\n",
       "      <td>306</td>\n",
       "    </tr>\n",
       "    <tr>\n",
       "      <th>12</th>\n",
       "      <td>100</td>\n",
       "      <td>35</td>\n",
       "      <td>83</td>\n",
       "      <td>183</td>\n",
       "      <td>57</td>\n",
       "      <td>242</td>\n",
       "    </tr>\n",
       "    <tr>\n",
       "      <th>13</th>\n",
       "      <td>149</td>\n",
       "      <td>37</td>\n",
       "      <td>94</td>\n",
       "      <td>227</td>\n",
       "      <td>30</td>\n",
       "      <td>240</td>\n",
       "    </tr>\n",
       "    <tr>\n",
       "      <th>14</th>\n",
       "      <td>149</td>\n",
       "      <td>38</td>\n",
       "      <td>78</td>\n",
       "      <td>258</td>\n",
       "      <td>42</td>\n",
       "      <td>271</td>\n",
       "    </tr>\n",
       "    <tr>\n",
       "      <th>15</th>\n",
       "      <td>153</td>\n",
       "      <td>27</td>\n",
       "      <td>89</td>\n",
       "      <td>283</td>\n",
       "      <td>66</td>\n",
       "      <td>291</td>\n",
       "    </tr>\n",
       "    <tr>\n",
       "      <th>16</th>\n",
       "      <td>136</td>\n",
       "      <td>31</td>\n",
       "      <td>83</td>\n",
       "      <td>257</td>\n",
       "      <td>31</td>\n",
       "      <td>311</td>\n",
       "    </tr>\n",
       "    <tr>\n",
       "      <th>17</th>\n",
       "      <td>97</td>\n",
       "      <td>36</td>\n",
       "      <td>100</td>\n",
       "      <td>252</td>\n",
       "      <td>30</td>\n",
       "      <td>225</td>\n",
       "    </tr>\n",
       "    <tr>\n",
       "      <th>18</th>\n",
       "      <td>141</td>\n",
       "      <td>37</td>\n",
       "      <td>105</td>\n",
       "      <td>250</td>\n",
       "      <td>27</td>\n",
       "      <td>243</td>\n",
       "    </tr>\n",
       "    <tr>\n",
       "      <th>19</th>\n",
       "      <td>164</td>\n",
       "      <td>32</td>\n",
       "      <td>76</td>\n",
       "      <td>187</td>\n",
       "      <td>30</td>\n",
       "      <td>264</td>\n",
       "    </tr>\n",
       "  </tbody>\n",
       "</table>\n",
       "</div>"
      ],
      "text/plain": [
       "     y1  y2   y3   y4  y5   y6\n",
       "0   132  17   77  232  50  249\n",
       "1   123  32   79  192  64  315\n",
       "2   129  31   96  250  55  319\n",
       "3   131  23   67  291  48  310\n",
       "4   110  24   96  239  42  268\n",
       "5    47  22   87  231  40  217\n",
       "6   125  32   87  227  30  324\n",
       "7   129  29  102  234  58  300\n",
       "8   130  26  104  256  58  270\n",
       "9   147  47   82  240  30  322\n",
       "10  159  37   80  227  58  317\n",
       "11  135  41   83  216  39  306\n",
       "12  100  35   83  183  57  242\n",
       "13  149  37   94  227  30  240\n",
       "14  149  38   78  258  42  271\n",
       "15  153  27   89  283  66  291\n",
       "16  136  31   83  257  31  311\n",
       "17   97  36  100  252  30  225\n",
       "18  141  37  105  250  27  243\n",
       "19  164  32   76  187  30  264"
      ]
     },
     "execution_count": 5,
     "metadata": {},
     "output_type": "execute_result"
    }
   ],
   "source": [
    "df2"
   ]
  },
  {
   "cell_type": "markdown",
   "id": "855da388",
   "metadata": {},
   "source": [
    "## Berdasarkan data tersebut\n",
    "\n",
    "##### a.Ujilah apakah tiap kelompok (Engineer dan Pilots) berdistribusi Normal multivariat\n",
    "##### b.Apakah kedua kelompok memiliki matriks kovarians yang homogen\n",
    "##### c.Dengan menganggap kedua kelompok berdistribusi multivariate normal, ujilah apakah ada perbedaan vektor rata-rata kedua kelompok berdasarkan 6 variable tersebut\n"
   ]
  },
  {
   "cell_type": "markdown",
   "id": "058fa165",
   "metadata": {},
   "source": [
    "## Jawaban:\n"
   ]
  },
  {
   "cell_type": "markdown",
   "id": "b860d0c1",
   "metadata": {},
   "source": [
    "##### a.Ujilah apakah tiap kelompok (Engineer dan Pilots) berdistribusi Normal multivariat"
   ]
  },
  {
   "cell_type": "code",
   "execution_count": 6,
   "id": "4d6b8243",
   "metadata": {},
   "outputs": [
    {
     "name": "stdout",
     "output_type": "stream",
     "text": [
      "[[124.5 ]\n",
      " [ 38.1 ]\n",
      " [ 76.2 ]\n",
      " [192.75]\n",
      " [ 53.65]\n",
      " [250.3 ]]\n"
     ]
    }
   ],
   "source": [
    "# 1. Hitung vektor rata-rata engginer\n",
    "mean_vector1 = np.mean(df1, axis=0)\n",
    "# Konversi ke array NumPy dan ubah ke bentuk kolom\n",
    "mean_vector_column1 = np.array(mean_vector1.values).reshape(-1, 1)\n",
    "\n",
    "print(mean_vector_column1)"
   ]
  },
  {
   "cell_type": "code",
   "execution_count": 7,
   "id": "268e4ae8",
   "metadata": {},
   "outputs": [
    {
     "name": "stdout",
     "output_type": "stream",
     "text": [
      "[[129.3 ]\n",
      " [ 31.7 ]\n",
      " [ 87.4 ]\n",
      " [236.6 ]\n",
      " [ 44.25]\n",
      " [280.2 ]]\n"
     ]
    }
   ],
   "source": [
    "# 2. Hitung vektor rata-rata pilot\n",
    "mean_vector2 = np.mean(df2, axis=0)\n",
    "# Konversi ke array NumPy dan ubah ke bentuk kolom\n",
    "mean_vector_column2 = np.array(mean_vector2.values).reshape(-1, 1)\n",
    "\n",
    "print(mean_vector_column2)"
   ]
  },
  {
   "cell_type": "code",
   "execution_count": 8,
   "id": "90318cc6",
   "metadata": {},
   "outputs": [
    {
     "data": {
      "text/plain": [
       "array([[ 3.84263158e+02,  2.07368421e+01,  8.13157895e+01,\n",
       "         2.66052632e+01, -1.59210526e+01,  8.28947368e+01],\n",
       "       [ 2.07368421e+01,  6.82000000e+01,  9.55789474e+00,\n",
       "         2.68684211e+01, -6.40684211e+01,  6.70526316e+00],\n",
       "       [ 8.13157895e+01,  9.55789474e+00,  1.21115789e+02,\n",
       "        -3.77894737e+01,  2.10526316e-02, -4.06315789e+00],\n",
       "       [ 2.66052632e+01,  2.68684211e+01, -3.77894737e+01,\n",
       "         1.00019737e+03, -2.43552632e+01, -8.65789474e+00],\n",
       "       [-1.59210526e+01, -6.40684211e+01,  2.10526316e-02,\n",
       "        -2.43552632e+01,  3.22450000e+02, -1.32205263e+02],\n",
       "       [ 8.28947368e+01,  6.70526316e+00, -4.06315789e+00,\n",
       "        -8.65789474e+00, -1.32205263e+02,  4.70221053e+02]])"
      ]
     },
     "execution_count": 8,
     "metadata": {},
     "output_type": "execute_result"
    }
   ],
   "source": [
    "# 3. Hitung matriks kovarians engginer\n",
    "cov_matrix1 = np.cov(df1, rowvar=False)\n",
    "cov_matrix1"
   ]
  },
  {
   "cell_type": "code",
   "execution_count": 9,
   "id": "05994b34",
   "metadata": {},
   "outputs": [
    {
     "data": {
      "text/plain": [
       "array([[ 687.8       ,   69.30526316,  -52.17894737,   76.96842105,\n",
       "          -1.44736842,  439.2       ],\n",
       "       [  69.30526316,   51.69473684,    3.33684211,  -46.96842105,\n",
       "         -35.34210526,   56.48421053],\n",
       "       [ -52.17894737,    3.33684211,  110.88421053,   43.85263158,\n",
       "          -7.94736842, -111.87368421],\n",
       "       [  76.96842105,  -46.96842105,   43.85263158,  792.56842105,\n",
       "           8.15789474,  129.76842105],\n",
       "       [  -1.44736842,  -35.34210526,   -7.94736842,    8.15789474,\n",
       "         173.67105263,  116.21052632],\n",
       "       [ 439.2       ,   56.48421053, -111.87368421,  129.76842105,\n",
       "         116.21052632, 1253.74736842]])"
      ]
     },
     "execution_count": 9,
     "metadata": {},
     "output_type": "execute_result"
    }
   ],
   "source": [
    "# 4. Hitung matriks kovarians pilot\n",
    "cov_matrix2 = np.cov(df2, rowvar=False)\n",
    "cov_matrix2"
   ]
  },
  {
   "cell_type": "code",
   "execution_count": 10,
   "id": "14167e56",
   "metadata": {},
   "outputs": [
    {
     "data": {
      "text/plain": [
       "array([[ 3.25301272e-03, -8.23664396e-04, -2.19117903e-03,\n",
       "        -1.59940216e-04, -2.87381717e-04, -6.64402355e-04],\n",
       "       [-8.23664396e-04,  1.89928610e-02, -1.04310344e-03,\n",
       "        -4.18647923e-04,  4.11783448e-03,  1.01539860e-03],\n",
       "       [-2.19117903e-03, -1.04310344e-03,  9.97090985e-03,\n",
       "         4.64968533e-04, -8.77880777e-05,  4.71192165e-04],\n",
       "       [-1.59940216e-04, -4.18647923e-04,  4.64968533e-04,\n",
       "         1.03368159e-03,  1.17831913e-05,  6.05287521e-05],\n",
       "       [-2.87381717e-04,  4.11783448e-03, -8.77880777e-05,\n",
       "         1.17831913e-05,  4.41110774e-03,  1.23160851e-03],\n",
       "       [-6.64402355e-04,  1.01539860e-03,  4.71192165e-04,\n",
       "         6.05287521e-05,  1.23160851e-03,  2.58076631e-03]])"
      ]
     },
     "execution_count": 10,
     "metadata": {},
     "output_type": "execute_result"
    }
   ],
   "source": [
    "# 5. Hitung invers matriks kovarians engginer\n",
    "cov_matrix_inv1 = np.linalg.inv(cov_matrix1)\n",
    "cov_matrix_inv1"
   ]
  },
  {
   "cell_type": "code",
   "execution_count": 11,
   "id": "22aac022",
   "metadata": {},
   "outputs": [
    {
     "data": {
      "text/plain": [
       "array([[ 0.0021525 , -0.00275456,  0.00068695, -0.00032337, -0.000147  ,\n",
       "        -0.00052155],\n",
       "       [-0.00275456,  0.03325479, -0.00480906,  0.00274605,  0.00770754,\n",
       "        -0.00196102],\n",
       "       [ 0.00068695, -0.00480906,  0.01105725, -0.00114646, -0.0012118 ,\n",
       "         0.00119366],\n",
       "       [-0.00032337,  0.00274605, -0.00114646,  0.00156751,  0.00065463,\n",
       "        -0.00033566],\n",
       "       [-0.000147  ,  0.00770754, -0.0012118 ,  0.00065463,  0.00805421,\n",
       "        -0.00121818],\n",
       "       [-0.00052155, -0.00196102,  0.00119366, -0.00033566, -0.00121818,\n",
       "         0.00132283]])"
      ]
     },
     "execution_count": 11,
     "metadata": {},
     "output_type": "execute_result"
    }
   ],
   "source": [
    "# 6. Hitung invers matriks kovarians pilot\n",
    "cov_matrix_inv2 = np.linalg.inv(cov_matrix2)\n",
    "cov_matrix_inv2"
   ]
  },
  {
   "cell_type": "code",
   "execution_count": 12,
   "id": "3f04e9c8",
   "metadata": {},
   "outputs": [
    {
     "data": {
      "text/plain": [
       "[6.032284319124235,\n",
       " 9.108269551558699,\n",
       " 10.142945883317912,\n",
       " 9.553358725609762,\n",
       " 3.2172943847736954,\n",
       " 5.081955680498134,\n",
       " 7.49654485030623,\n",
       " 4.7139591400890435,\n",
       " 8.401003211462356,\n",
       " 1.9547206433028863,\n",
       " 3.4145588544098477,\n",
       " 5.016247019797038,\n",
       " 6.19853219239502,\n",
       " 3.575784970691606,\n",
       " 7.352045568224841,\n",
       " 2.608187011062643,\n",
       " 4.7644898324591605,\n",
       " 5.532371726195806,\n",
       " 6.394961114775297,\n",
       " 3.4404853199458056]"
      ]
     },
     "execution_count": 12,
     "metadata": {},
     "output_type": "execute_result"
    }
   ],
   "source": [
    "# 7. Hitung jarak Mahalanobis dan kuadratkan hasilnya dari engginer\n",
    "\n",
    "mahalanobis_squared1 = [\n",
    "    dist.mahalanobis(row, mean_vector1, cov_matrix_inv1) ** 2 for row in df1.values\n",
    "]\n",
    "\n",
    "# Output hasil\n",
    "mahalanobis_squared1"
   ]
  },
  {
   "cell_type": "code",
   "execution_count": 13,
   "id": "6174c465",
   "metadata": {},
   "outputs": [
    {
     "data": {
      "text/plain": [
       "[7.171416900403874,\n",
       " 5.9574507684200695,\n",
       " 3.177506920112005,\n",
       " 9.363822591730626,\n",
       " 2.691632356056945,\n",
       " 10.691755188520576,\n",
       " 6.309014218524275,\n",
       " 4.31812153902612,\n",
       " 4.4070796688621305,\n",
       " 6.206864726211265,\n",
       " 3.3734302105953633,\n",
       " 2.474039915182391,\n",
       " 8.028595459018096,\n",
       " 4.1229083344849515,\n",
       " 4.948110197672125,\n",
       " 6.544347030848058,\n",
       " 3.4350712003365786,\n",
       " 5.712254209732805,\n",
       " 5.473201621708707,\n",
       " 9.593376942553041]"
      ]
     },
     "execution_count": 13,
     "metadata": {},
     "output_type": "execute_result"
    }
   ],
   "source": [
    "# 8. Hitung jarak Mahalanobis dan kuadratkan hasilnya dari pilot\n",
    "\n",
    "mahalanobis_squared2 = [\n",
    "    dist.mahalanobis(row, mean_vector2, cov_matrix_inv2) ** 2 for row in df2.values\n",
    "]\n",
    "\n",
    "# Output hasil\n",
    "mahalanobis_squared2"
   ]
  },
  {
   "cell_type": "markdown",
   "id": "2edc6797",
   "metadata": {},
   "source": [
    "##### Pemberian nilai uji chi-square\n",
    "Karena p = 6 dan alfa = 0.05, maka nilai ujinya adalah 12.59"
   ]
  },
  {
   "cell_type": "code",
   "execution_count": 14,
   "id": "20a09dcb",
   "metadata": {},
   "outputs": [],
   "source": [
    "# NILAI UJI CHI-SQUARE\n",
    "# Karena p = 6 dan alfa = 0.05\n",
    "Nilai_uji = 12.59"
   ]
  },
  {
   "cell_type": "code",
   "execution_count": 15,
   "id": "0bc2d66d",
   "metadata": {},
   "outputs": [
    {
     "name": "stdout",
     "output_type": "stream",
     "text": [
      "Jumlah data mahalanobis engginer yang lebih dari 12.59 sebanyak 0 data\n"
     ]
    }
   ],
   "source": [
    "# 9. Menghitung jumlah jarak mahalanobis engginer yang lebih dari 12.59\n",
    "count1 = len([x for x in mahalanobis_squared1 if x > Nilai_uji])\n",
    "\n",
    "print(f\"Jumlah data mahalanobis engginer yang lebih dari {Nilai_uji} sebanyak {count1} data\")"
   ]
  },
  {
   "cell_type": "code",
   "execution_count": 16,
   "id": "fa921d45",
   "metadata": {},
   "outputs": [
    {
     "name": "stdout",
     "output_type": "stream",
     "text": [
      "Jumlah data mahalanobis pilot yang lebih dari 12.59 sebanyak 0 data\n"
     ]
    }
   ],
   "source": [
    "# 10. Menghitung jumlah jarak mahalanobis pilot yang lebih dari 12.59\n",
    "count2 = len([x for x in mahalanobis_squared2 if x > Nilai_uji])\n",
    "\n",
    "print(f\"Jumlah data mahalanobis pilot yang lebih dari {Nilai_uji} sebanyak {count2} data\")"
   ]
  },
  {
   "cell_type": "markdown",
   "id": "5c010ef5",
   "metadata": {},
   "source": [
    "#### Kesimpulan\n",
    "##### Ternyata dari jarak mahalanobis data engginer dan pilot didapati keduanya berdistribusi normal multivariat karena semua jarak mahalanobis berada pada kontur 50%"
   ]
  },
  {
   "attachments": {
    "image-2.png": {
